000000000000000000000000000000000000000
090000090000000000000000000000090000090
000000000000000000000000000000000000000
000111000111000111000111000111000111000
000111000111000111000111000111000111000
000111000111000111000111000111000111000
000111000111000111000111000111000111000
000111000111000111000111000111000111000
000111000111000111000111000111000111000
000111000111000111333111000111000111000
000111000111000111333111000111000111000
000111000111000111333111000111000111000
000111000111000111000111000111000111000
000111000111000111000111000111000111000
000111000111000000000000000111000111000
000111000111000000090000000111000111000
000111000111000000000000000111000111000
000000000000000555000555000000000000000
000000000000000555000555000000000000000
000000000000000555000555000000000000000
444000222222000000000000000222222000444
004000222222000000090000000222222000400
444000222222000000000000000222222000444
000000000000000111000111000000000000000
000000000000000111000111000000000000000
000000000000000111444111000000000000000
000111000111000111444111000111000111000
000111000111000111444111000111000111000
000111000111000111000111000111000111000
000111000111000111000111000111000111000
000111000111000111000111000111000111000
000111000111000111000111000111000111000
000111000000000000000000000000000111000
000111000000000000000000000000000111000
000111000000000000000000000000000111000
000111000000000011111110000000000111000
000000000000000011bbb110000000000000000
000000080008000011bbb110008000800000000
000000000000000011bbb110000000000000000
