000000000444000000000444000000000000000
090000000444000000090444000000000000090
000000000444000000000444000000000000000
000111000444000000000111000111000111000
000111000444000000000111000111000111000
000111000444000000000111000111000111000
000111000000000000111111000111444111000
000111000000000000111111000111444111000
000111000000000000111111000111444111000
000000000111000000000000000444000000000
090000000111000000000000000444090000000
000000000111000000000000000444000000000
222000000111000000444000000111222111444
222000900111000000444000000111222111444
222000000111000000444000000111222111444
222222000000000111000000444000222000000
222222000000000111000000444000222000000
222222000000000111000000444000222000000
000111111111222222222444000000222111000
000111111111222222222444000000222111000
000111111111222222222444000000222111000
000000000444222111000111000111000111000
000000000444222111000111000111000111000
000000000444222111000111000111000111000
444111000444000111000111000000000111000
444111000444000111000111000000000111000
444111000444000111000111000000000111000
000111000111000111111111000111444111000
000111000111000111111111000111444111000
000111000111000111111111000111444111000
000111000111000111111111000000000000000
000111000111000111111111000000000000000
000111000111000111111111000000000000000
000111000000000000000000000111000111000
000111000000000011111110000111000111000
000111000000000011111110000111000111000
000111000111000011bbb110000111111111000
000111080111080011bbb110080111111111080
000111000111000011bbb110000111111111000
